0.0442388
0.0405431
0.03986
0.0395218
0.0393149
0.0391727
0.0390677
0.0389862
0.0389207
0.0388666
0.0388209
0.0387818
0.0387477
0.0387177
0.038691
0.038667
0.0386454
0.0386257
0.0386077
0.0385912
0.0385759
0.0385618
0.0385486
0.0385363
0.0385248
0.038514
0.0385038
0.0384942
0.0384851
0.0384765
0.0384684
0.0384606
0.0384532
0.0384462
0.0384395
0.038433
0.0384269
0.038421
0.0384153
0.0384098
0.0384046
0.0383995
0.0383947
0.03839
0.0383854
0.0383811
0.0383768
0.0383727
0.0383687
0.0383649
0.0383612
0.0383575
0.038354
0.0383506
0.0383473
0.0383441
0.0383409
0.0383379
0.0383349
0.038332
