11.1267
12.42
82.9667
89.0267
89.7467
90.04
90.2
90.4467
90.5333
90.5267
90.6333
90.56
90.6133
90.68
90.6533
90.64
90.6867
90.5133
90.8867
90.5467
90.7933
90.6
90.7733
90.76
90.8133
90.7867
90.7667
90.8333
90.7533
90.88
90.5867
90.9067
90.7333
90.8333
90.7
90.8133
90.7133
90.7667
90.8533
91.0133
90.6533
90.8467
90.7867
90.7933
90.72
90.94
90.52
90.6067
90.72
90.6533
90.78
90.84
90.7867
90.8933
90.6
90.9267
90.8667
90.9067
90.5467
90.7667
