2.33382
2.3166
0.656063
0.441305
0.426086
0.418536
0.414112
0.412972
0.412048
0.409298
0.407508
0.406723
0.40658
0.406334
0.405998
0.404767
0.407035
0.404768
0.403443
0.404473
0.402686
0.405356
0.40409
0.402954
0.40255
0.402927
0.402107
0.402451
0.402644
0.40301
0.402358
0.402017
0.403043
0.400914
0.400863
0.401394
0.40304
0.402111
0.401879
0.401379
0.402871
0.401719
0.400907
0.400914
0.401789
0.400991
0.401042
0.401639
0.401703
0.399778
0.401098
0.400557
0.399825
0.401178
0.400908
0.40036
0.400541
0.398855
0.400488
0.40057
